-2.446529121885790969e-01
1.684948616947612443e-02
7.961098111477094008e-01
9.369869349036370476e-01
1.032934016495608454e+00
1.335256167074712508e+00
1.265147160060985376e+00
8.193134378622206615e-01
1.185294149534156238e+00
3.473416575108889681e-01
2.006269545153327796e-02
-7.999351366111928652e-01
-1.956963751106070015e-01
-8.542436453517101569e-01
-7.420642378747885903e-01
-9.924675617119880222e-01
-6.342974772039429165e-01
-5.405401582558690965e-01
-1.459432792449029959e-01
-1.328761831566105667e-01
-2.016521770572194949e-01
1.076783281190296371e-01
9.772837605662911820e-01
1.010536256729726023e+00
1.240010848410331157e+00
1.804262150587889302e+00
1.167025686569403309e+00
1.064213724791490456e+00
4.927689160792257939e-01
6.148170828239885033e-01
4.371931261661816948e-02
-5.278014238485736476e-01
-7.289326518468114413e-01
-6.104589414147958415e-01
-8.470188070995383622e-01
-1.145174352105914339e-01
-1.060261420568600288e+00
-5.254151024399071890e-01
-4.869724519733668044e-01
-3.199385965929738562e-01
-4.955044460332075351e-01
-3.340470192540427874e-01
4.912373394856517361e-01
1.223629891488061450e+00
7.564511229200889808e-01
1.646526318992102444e+00
1.269617718062011846e+00
1.254679329713193514e+00
5.714273417521228415e-01
-1.049286231774153033e-01
-4.271743683921665480e-01
-6.349851026155227673e-01
-7.595393647722017416e-01
-7.745530932621318421e-01
-1.191775984397677179e+00
-6.597753747909571587e-01
-5.812495163499851181e-01
-3.413618747860255875e-01
-5.404575010895673604e-01
-8.935670876289936171e-01
-6.313868621107582291e-01
2.013154068991025170e-01
3.222315588519426566e-01
1.075347654366963113e+00
8.847601980991328663e-01
1.732826932870136005e+00
9.122041275279688666e-01
6.628947910054985293e-01
3.567558575636055052e-01
2.513801543081263246e-01
-2.158039453405213304e-01
-6.305123277178138474e-01
-1.135291403492163731e+00
-1.506580534668929605e+00
-1.401434055583007376e+00
-7.388409105029661861e-01
-1.051241419265351862e+00
-1.315544438871323774e+00
-9.026066406576955803e-01
-2.894432953793444341e-01
-4.070775788925830585e-01
1.037030279742708894e-01
4.474797505096215211e-01
4.899480299159750807e-01
9.390250595678966139e-01
1.351407606556108698e+00
8.213557763323954264e-01
1.083925688014924837e+00
2.652072222559485049e-01
-2.042781778103096302e-01
-6.545529391235317407e-01
-7.280964645507679300e-01
-1.186587333043017445e+00
-1.073851366195898605e+00
-1.213336733182102112e+00
-1.432620703833266340e+00
-1.505515175561141117e+00
-8.061137367132473752e-01
-1.290967441075301370e+00
-7.745018357932318409e-01
-6.269279119139106182e-01
1.798191631475058450e-01
6.362261723841643457e-01
6.351622497947764234e-01
7.624876598044747489e-01
5.252700361018819430e-01
1.226101175685079259e+00
1.002940254127159037e+00
1.786898538732520081e-01
-1.357077411975599612e-01
-4.585295622302989482e-01
-7.123331009205484676e-01
-9.723464188331464308e-01
-1.105072011167485657e+00
-5.042572343243130195e-01
-6.868999033134098875e-01
-1.076794851926683005e+00
-6.652213225770137184e-01
-1.239236648078956282e+00
-2.271218360134525382e-01
-7.859832012696038595e-02
2.422988951262224910e-01
4.964676585117633878e-01
7.403224378111655790e-01
8.760330112522878299e-01
9.712968255218517033e-01
9.860316457084262742e-01
1.152731727328677680e+00
7.117392919803976481e-01
-3.892772817526322093e-01
-6.837527206938346369e-01
-5.973820571749336450e-01
-6.819976548494695034e-01
-6.157447576252619292e-01
-1.096197799232514036e+00
-9.273093388626418854e-01
-1.296449206237981322e+00
-6.985596736272922103e-01
-1.119174773053420946e+00
-1.254185600495693609e-01
-5.537355873914772131e-01
4.249374509848895531e-01
5.437457935965546163e-01
1.015326428218478183e+00
8.931422624341077698e-01
8.037346077499147867e-01
7.581816615797579706e-01
6.506478697600819316e-01
6.650303347867259074e-01
1.942483407903490278e-01
-8.132977711966390966e-02
-4.473188884458659809e-01
-1.223511854799696374e+00
-1.007274016925597371e+00
-1.131386044656818690e+00
-8.519113935512814262e-01
-5.794518810509767803e-01
-6.297066116198196672e-01
-6.906598621992886544e-01
-1.317152819950608844e-01
-2.296082949828269770e-01
1.331383672471410651e-01
2.737434112700807276e-01
9.955745422297054281e-01
8.527191648891719877e-01
1.356268947312129214e+00
9.297140385089486259e-01
9.271466369863100576e-01
4.450168792971617715e-01
5.563823575806750577e-02
1.588006368807294844e-01
-2.026624909617107950e-01
-8.302066264919553129e-01
-5.923637347840595702e-01
-3.422241771066170113e-01
-7.889177533098872264e-01
-7.210000809960238621e-01
-1.289144305344297248e+00
-7.771933359843202771e-02
-6.584267718200363939e-01
-1.543670778438680502e-01
4.243536188254837249e-01
7.090276199925489298e-01
8.046956148849440105e-01
1.236415423104856082e+00
1.453702092373339472e+00
1.121575940164484475e+00
9.811843776917008597e-01
5.096602156314627985e-01
5.234723693821345947e-01
-2.784106809706353783e-02
-2.264655916520308121e-01
-7.457200823532539324e-01
-5.684797137250021670e-01
-2.351099295679174861e-01
-6.036481707530316765e-01
-5.979261898908060369e-01
-2.703403502883673371e-01
-5.641300619294664642e-01
-3.138394154527809898e-01
-1.487343906693415485e-02
1.015251165083382645e+00
6.605307360075002299e-01
9.942107726264933776e-01
1.099766557782793530e+00
1.646980530906999585e+00
9.009194970782413714e-01
5.679904409954428246e-01
5.148889292616800617e-01
4.704871513700834562e-01
2.867934069422247573e-02
-5.274207637915866442e-01
-5.885335690646965601e-01
-9.102010246076712718e-01
-3.528414618237745715e-01
-3.752227247120829001e-01
-1.393863870986057352e-01
-7.242255555111593024e-01
-2.493202987674101034e-01
-5.690966042849339157e-01
-1.642644026166030224e-01
5.480629496960323088e-01
6.857004077123070029e-01
1.292565343533959243e+00
1.317718629984298895e+00
1.788560227667965297e+00
1.471592522188835961e+00
2.702349205134909615e-01
2.520917120033047132e-01
4.924322998433785514e-01
-9.581101418625230515e-02
-8.954226512473395516e-02
-7.432862582558087405e-01
-5.498550410350426798e-01
-4.727031563464890729e-01
-1.068442164365022817e+00
-6.376922605913154518e-01
-7.823145312311627908e-01
-1.817333558834291485e-01
-8.883526693811183428e-01
6.403807077060413855e-02
7.371370398374549326e-02
4.490467265391493434e-01
9.892462740062214488e-01
8.999978977929909973e-01
9.012417248505402156e-01
1.317132273790412089e+00
1.147622652764503703e+00
6.314256202018597719e-01
2.677469493278327173e-01
-1.542469098983742792e-01
-6.498162380374553626e-01
-8.126182779333024353e-01
-5.575838994654335190e-01
-6.038287681201598422e-01
-5.258640841185958648e-01
-8.895356404811955997e-01
-6.887094092078889229e-01
-6.938808886727070302e-01
-2.403595938289522782e-01
-7.556387916336884669e-02
4.100465024403899816e-01
2.045127711239155821e-01
1.010807486097170971e+00
1.074680419008498422e+00
1.148589791023289397e+00
1.031702229592285303e+00
4.992623438547499348e-01
6.877053485559017076e-01
-1.285915863921529290e-01
-2.738296077310734544e-01
-8.301617968484087395e-01
-5.460979963146512794e-01
-9.801436513008942031e-01
-5.550577454271486966e-01
-6.532781590145090300e-01
-1.138810068311900903e+00
-1.595990030196595910e+00
-7.801926192654256020e-01
-5.665229617577824950e-01
-2.385076495619122272e-01
2.033126089337991549e-02
3.221575226906991940e-02
5.423859262158949868e-01
1.472243008996701796e+00
1.110091082572862486e+00
9.541540594538125974e-01
6.386571725277968570e-01
1.418492150394246032e-02
2.658033599565781668e-02
5.367692370715682060e-02
-1.608546503963773633e-01
-7.395293033268761640e-01
-7.061832691559801756e-01
-5.172924741389032244e-01
-1.008433090445436386e+00
-9.686276428022321250e-01
-7.338401871378030794e-01
-9.752260183193617316e-01
-8.457572785780180791e-01
-5.640392714861371948e-01
-3.786183602159308159e-01
4.188748280334664287e-03
1.031610597896486681e+00
8.397238722703763703e-01
1.388366352614606170e+00
8.563983112863522429e-01
9.538700762722347459e-01
4.457638501558544020e-01
-1.032425590041925051e-01
-4.562046407247292157e-01
-3.463106222575187965e-01
-4.818989786277971255e-01
-1.004780318849924470e+00
-4.109986077889848932e-01
-1.247524791745767470e+00
-1.109085951340488929e+00
-9.920235144750844114e-01
-1.083953832349335622e+00
-7.422636802265142331e-01
-4.087027170681108434e-01
1.206650628199263803e-01
1.826045196468753518e-01
9.197781814683397839e-01
7.100716552646133550e-01
1.128537868975483471e+00
5.851374031750082860e-01
6.405851114494972576e-01
3.982832226426358257e-02
3.065282412736455853e-01
-5.203928654576519541e-01
-5.488345685417478359e-01
-5.805929757103081013e-01
-1.141335040709070991e+00
-8.829514691369390045e-01
-4.682036092672854366e-01
-8.906492690300878978e-01
-1.030204202904261956e+00
-1.161320487108093547e+00
-4.025849033469207083e-01
-3.040307091685114371e-01
6.790713642750718926e-02
3.581714891877033624e-01
9.389528063927590207e-01
1.088786632180147373e+00
9.693414083331719500e-01
1.008377397785003238e+00
6.605067439577694266e-01
8.179582992838269062e-01
1.099576473683648026e-01
-2.454934572287839900e-01
-7.654787926260369080e-01
-5.303771769183532880e-01
-5.561287531176238863e-01
-7.261053688018396235e-01
-5.116712442440676245e-01
-6.023864480119981435e-01
-5.208913859647421596e-01
-9.992790899304990759e-01
-7.000840656898994485e-01
-2.520482219980207939e-01
3.231963498174392213e-01
4.400062479912912328e-01
1.335743206593395183e+00
1.017330513940980286e+00
1.409019542492759847e+00
1.247304539057556116e+00
1.054961603843699747e+00
1.444254119419265958e-01
4.232056481217483790e-01
-3.743106709943238575e-01
2.915353267672821103e-01
3.913168234318126215e-02
-1.097520400798605911e+00
-4.727943827168262780e-01
-9.962548215714926991e-01
-5.901038365478463721e-01
-1.065168205946153135e+00
-4.758518764684547264e-01
-5.096021032470475776e-01
4.556867643140215529e-01
-2.394431072728915311e-01
7.152858718385333159e-01
8.944341895759844174e-01
1.280325496658103468e+00
1.302316873883200943e+00
1.433728600308130430e+00
8.602340174368926506e-01
4.826814858974117772e-01
2.650062052928455758e-01
-4.477041455914104739e-02
-2.974460549596108505e-01
-2.417787369360610006e-01
-5.096599429465118458e-01
-8.741504909215216390e-01
-3.013343327060954424e-01
-5.341911090839455145e-01
-5.564191748022342399e-01
-7.559437535078262771e-01
-1.641991864138931112e-01
4.306656281603088443e-01
2.565521974422905749e-01
1.028113956274592011e+00
7.574612587370374017e-01
1.033285536083238254e+00
1.441904329004870533e+00
9.909635026270635638e-01
7.783367334332883525e-01
8.315272013132827267e-01
-1.932817622332466678e-02
2.614081427552396586e-01
5.697203568370576288e-02
-5.309062648775724202e-01
-4.474807610044358452e-01
-7.183498382836552842e-01
-7.895260305134930157e-01
-5.475234262362740356e-01
-1.178247531112085245e+00
-7.567381166667727088e-01
-1.062058318590714812e-01
-7.304304724307075780e-01
5.877311249070535926e-01
1.110704372087417457e+00
1.031928675886897295e+00
1.602123600651857771e+00
1.612672434803472221e+00
8.562075013765046982e-01
8.762364286179404882e-01
-3.436621928029279793e-01
1.602072250633995720e-01
4.965278016208701795e-01
-2.208174820794825965e-01
-7.477966497536141510e-01
-1.172909745482108690e+00
-3.221341543695516174e-01
-7.086589907878405592e-01
-8.413279531952894130e-01
-7.935150428226545039e-01
-7.237189342600387487e-01
-1.174799709815146809e+00
-3.767722407556239328e-01
5.284087277637310454e-01
6.938274619958104683e-01
1.104424808831250271e+00
1.422480468315586721e+00
1.024892806865943751e+00
7.106198224004022235e-01
1.101977681712805968e+00
5.286609447139513085e-01
-7.491039728283843679e-02
-1.330911751215079486e-01
-1.938885199545083149e-01
-3.558324183429409926e-01
-1.951777257735846094e-01
-1.399227824709420087e+00
-7.961879026247182800e-01
-1.031450170421488011e+00
-3.059434975266033252e-01
-2.998049596352686530e-01
-6.946520272084147907e-01
-2.414851630006807637e-01
-4.467830112825802447e-01
6.975907863744443826e-01
1.289387742990490082e+00
1.606338565172442445e+00
1.388167487926821098e+00
1.280022137059940945e+00
4.885188429191312798e-01
6.765656777915936004e-01
-2.550711387547671682e-01
-4.946717344445010767e-01
-6.229016601032846268e-01
-7.837502412816266251e-01
-8.336598491478983686e-01
-5.271266620641754663e-01
-1.675843292244735494e+00
-2.602833931443893078e-03
-6.439759245571152757e-01
-6.659070380815450552e-01
-5.110206613133466691e-01
-5.054187095524931284e-02
-2.411355125492689044e-01
7.446564015306946782e-01
1.405680638581396025e+00
7.455552767371604883e-01
1.768163522311136715e+00
7.763818838600733407e-01
7.677593291513499230e-01
8.058505380152727882e-02
6.761362354858188595e-02
-7.554505246392925200e-01
-5.206134183398601900e-01
-1.090394867756712793e+00
-1.227638042413280450e+00
-1.210015118001615875e+00
-1.352035317400003489e+00
-1.014647342951112918e+00
-1.035526296926541301e+00
-1.182884457561327762e+00
-4.177628082943065646e-01
-3.227941025483982429e-01
1.237094487216965077e-02
4.295288855184248855e-01
1.169877574314818647e+00
1.072981017127322190e+00
9.235860674285650829e-01
1.203119253540914313e+00
2.824362489596846104e-01
4.510068408840026133e-01
-6.069459193099691063e-01
-2.556876802389360104e-01
-5.217132663818457861e-01
-3.153425087318594833e-01
-5.735318009927812266e-01
-1.027242457915213736e+00
-8.738726465195642001e-01
-9.748010169335352693e-01
-8.433013903185294646e-01
-9.588524596545954237e-01
-7.754701611027271513e-01
-5.157542147340914429e-01
7.936636178390403529e-02
4.321978897327666269e-01
7.884349610697546362e-01
7.897720179648636263e-01
1.388493951120727266e+00
5.699033221649032477e-01
5.716447547542913288e-01
4.070328449866089660e-01
2.155337264608839232e-01
3.486418013653906911e-01
-4.000850282082109022e-01
-2.089685133266479533e-01
-9.195841957092670826e-01
-8.626592514759712227e-01
-9.714152114045079278e-01
-9.338770154748986529e-01
-1.048445485205576233e+00
-9.074029211240043358e-01
-1.245223180956085418e+00
-2.021193838272476728e-01
7.480045440109005517e-01
8.274067062315991761e-01
1.370465668717144592e+00
1.535007774677398240e+00
5.889723517768111760e-01
1.159526697184023902e+00
1.385292562896075497e-01
6.155277090625064229e-01
4.968702130046492166e-02
-1.180709854691537608e-02
-3.281017811524689076e-02
2.227471657988502329e-01
-8.638306384802174609e-01
-2.635007320527351649e-01
-1.129575271385516277e+00
-1.288018410590618501e+00
-1.023096120316817847e+00
-1.358608422056825304e+00
-2.852175940199274118e-01
-3.757205207509295430e-01
2.502258043035689994e-01
6.627143930960556206e-01
9.072120713621958377e-01
1.255720880444593845e+00
1.064385552099552434e+00
1.028965039358810563e+00
7.471466078454428450e-01
4.057079642160474342e-01
1.288398989327236566e-01
1.578321211978688243e-01
-1.392907229841897632e-01
-3.073923066975316476e-01
-8.470288896645170595e-01
-1.160279138711564961e+00
-4.701222808257743968e-01
-3.828152337180285580e-01
-7.891109239355020843e-01
-6.248625944617569594e-01
-7.796591376341941437e-01
2.985694885001569099e-01
3.171762540947071773e-01
1.126894201401374529e+00
1.165339657357464365e+00
7.627134471975383079e-01
1.689952283022849500e+00
1.036475786981784664e+00
5.103855428382760850e-01
8.862595870169669432e-01
1.096623145885156636e-01
-3.963904795097669131e-01
-1.817848023541345226e-01
-7.683582939064148576e-01
-1.234062402876861420e+00
-2.177069082193788807e-01
-3.168250781650714387e-01
-1.236092170253548561e+00
-9.636620682509924318e-01
-9.195780022142192589e-01
-2.662876857592484936e-01
5.007467525296076527e-01
5.383490716257262054e-01
8.468371109399813745e-01
1.258667350980172461e+00
1.179869833046513383e+00
1.359278828072108425e+00
9.436297835804183798e-01
1.030758084613673464e+00
5.970799237733409592e-01
6.230217279781211648e-01
-8.549144858913261535e-02
-2.499283414398332792e-01
-1.161846387516509982e-01
-1.224859957080404849e+00
-4.952297105666999544e-01
-7.099709887820664367e-01
-7.686917200387192173e-01
-8.769768991082828036e-01
-6.478956346645066144e-01
-3.104636811638046834e-01
-3.701506768035952577e-01
7.038514925076349016e-01
1.158267574468724082e+00
1.050286915864889536e+00
1.510289611021870204e+00
1.556052386424911838e+00
3.389568586951667850e-01
4.370493275356295282e-01
4.892559068099573971e-01
3.406763071348925531e-01
9.046900674040539436e-02
-6.369590539300326593e-02
-1.930154944443480403e-01
-4.776528375295334694e-01
-3.812970751931178404e-01
-1.260751535881459384e+00
-6.765186036876678077e-01
-9.435228189009282618e-01
-7.714973965246345600e-01
-6.830477770613467836e-01
2.634401055038256834e-01
4.143496066699902669e-01
4.781448933943171498e-01
9.429497701972341384e-01
1.386841192016123658e+00
1.118050581409093969e+00
1.512158585685157597e+00
1.014640190618934179e+00
1.578458817669216030e-01
-1.832839165035019258e-01
3.162158346997641645e-01
-2.378406007158893054e-01
-5.581039382767187806e-01
-7.557631386960007580e-01
-1.103766151288408492e+00
-7.891620907971959031e-01
-9.872168582978538831e-01
-9.890905247543487766e-01
-6.756651752560784985e-01
-9.517058956046058338e-01
-3.734814649160739242e-02
8.052991913990301120e-02
6.456552092280275490e-01
1.449620960368435574e+00
1.701893123060922886e+00
1.154122980009038457e+00
4.409608527083509477e-01
5.573888683795493737e-01
-1.363276536007279049e-01
4.719137606031721388e-01
1.472497997949349657e-01
-1.173305039669536587e-01
-9.164228943063932320e-01
-3.068268242997449491e-01
-1.134163471663507838e+00
-1.134954892044031105e+00
-8.040635458849078043e-01
-1.002251777422573209e+00
-4.001695822407271841e-01
-5.400284997123088182e-01
-1.158494486127532586e-01
5.324541931386284066e-01
7.085451705393069899e-01
9.691062938402705829e-01
5.668364011816064973e-01
2.072423165287897717e-01
4.719890211603577357e-01
5.564805374752866962e-01
-2.869749767470813895e-02
-8.190157952378532280e-02
-8.797146749232853669e-02
-7.617475428660942516e-01
-2.103667794443964123e-02
-9.227984519751726289e-01
-1.427507478512627825e+00
-1.398322665508639373e+00
-1.011446875849688842e+00
-1.469328033307617298e+00
-1.028978221977224328e+00
2.789712125988895730e-01
-4.944575663592313264e-01
4.516852106995956628e-01
7.403479698898485228e-01
5.907555282668380814e-01
1.391815530204520535e+00
6.292709616964530239e-01
7.926818983654940753e-01
5.768045469751835741e-01
9.433099886471232876e-02
-7.432323663463321628e-01
2.460646041741398893e-01
-3.668649409224378211e-01
-7.465704280093551359e-01
-7.023046001500121704e-01
-1.199137594404943385e+00
-1.377115308370720603e+00
-6.851787122053809576e-01
-1.394105713834672855e+00
-1.048320891853620873e+00
-2.753586247853478941e-01
1.389314534508582777e-01
3.351087901687267445e-01
4.585802321495134892e-01
5.219777354149215398e-01
9.966823746517091687e-01
9.354895247159495941e-01
9.328411700346933566e-01
1.233400575004576782e-01
-1.354348430651683977e-01
-2.544954619086345349e-01
-7.362306464550568696e-01
-8.986003485068145835e-01
-6.346532253942308577e-01
-2.975777531153695477e-01
-9.572924356162458848e-01
-9.319128010892612224e-01
-1.401330095755979110e+00
-1.092329573712247592e+00
-6.695337460259902507e-01
-5.062578289728620895e-01
7.679581183667444355e-02
4.207322745951909138e-01
4.335286567964561910e-01
1.173046443049535981e+00
1.084271412459015815e+00
1.194290542457973725e+00
6.176441327674329074e-01
3.619801225637645503e-01
-1.714497210207606148e-01
6.478544865693116606e-01
-2.659850311044937854e-01
-2.666652128974505986e-01
-1.136554889403481039e-01
-9.368807162839345448e-01
-8.991308756708349392e-01
-7.812080436397114136e-01
-7.902320920179269903e-01
-9.336518848551990102e-01
-8.452693845757568436e-01
-8.958575502788422851e-01
9.201119761532955410e-02
4.745192692278786262e-01
9.710629530356041927e-01
6.574764108008264163e-01
9.658049514390828483e-01
9.514206557664279806e-01
9.419230901821867841e-01
2.789436200569002100e-01
7.515631844441752474e-01
7.641348114459770025e-02
3.500979247668774552e-01
8.099452616823581419e-01
-4.165930843841268993e-01
-1.132532299664119613e-01
-5.578727881164117219e-01
-7.291986112280183230e-01
-1.004598554815328004e+00
-4.700287553247441963e-01
-2.403285639833378506e-01
-3.491547286349049317e-01
-5.944813053726594188e-02
2.669696155663713877e-01
-5.814208353929961604e-02
1.557394249446946821e+00
6.213287055235215961e-01
9.851226010253977261e-01
8.362672253064381556e-01
5.581525048913515974e-01
2.706880869138139634e-01
3.284550589546683663e-01
1.816229097322732411e-01
2.461067201180048292e-01
-6.070629544207690742e-01
-8.950010513440289639e-01
1.382904390536608963e-01
-6.985524016619384380e-01
-8.374135712454765512e-01
-1.386872972326821385e-01
-3.991152417838162991e-01
-5.243702978083197852e-01
-1.662890680932305187e-02
5.311822725956525382e-01
8.293172842689533475e-01
1.341993074083549953e+00
1.407109318651071250e+00
1.263299317595352189e+00
1.042933815945353393e+00
8.759870660135674614e-01
5.820026327266395461e-01
1.338529218266218401e-01
-1.610285600322625132e-01
-2.982169249457097271e-01
-4.399199063663690179e-01
-6.329854501659946120e-01
-9.914304490643974788e-01
-1.290737493227777311e+00
-9.498814157915176359e-01
-9.744378555900659045e-01
-5.785418399520374511e-01
-4.189740591163184646e-01
1.299549377785041704e-01
5.605559851160216711e-01
4.063437943314154310e-01
1.685096168946901063e+00
1.035059714694007704e+00
1.500949260256983608e+00
3.310644428522070415e-01
8.162400389618412744e-01
2.046878562756478392e-01
4.127616924147138322e-01
1.162635606652357295e-01
9.932950742639543029e-03
-5.244024009067758119e-01
-8.879824197015975251e-01
-5.804755890849279121e-01
-8.707059723423444808e-01
-9.937374285500424342e-01
-9.877229217939156314e-01
-5.422027267757141278e-01
-3.345071131716305102e-01
3.126455895973235810e-01
1.386480855111757449e-01
4.874019937671490998e-01
1.080625643560097604e+00
1.074458923616778749e+00
7.535119359844058007e-01
1.022189670732655875e+00
6.998655632295005535e-01
4.441117948430417517e-01
-7.289078229813494847e-02
3.375180215369855130e-02
1.258575678730555203e-01
-7.905077038890175878e-01
-6.688854360667600973e-01
-9.420851132341204748e-01
-1.091046560959089584e+00
-1.031730105660663810e+00
-7.755398105564204059e-01
-7.166386561602337002e-01
-8.237437786218337887e-01
4.856430237444940290e-01
1.605937687263077340e-01
4.911264913484784111e-01
1.494504349040056024e+00
1.356331070087566815e+00
6.270178420289664878e-01
6.431651271761489319e-01
3.724193242845970642e-01
-2.324151415612725202e-01
-1.178301320660685991e-01
3.136514951979556542e-01
-7.221814016717854612e-01
-5.340605725941927062e-01
-4.388267148576888155e-01
-7.730394659571346860e-01
-1.386192133813026750e+00
-1.110025163924704295e+00
-9.003913644701819763e-01
-1.112722607416777088e+00
-7.890198768090916914e-01
-4.150669264323063601e-01
3.561768129760320978e-01
6.247761090158022723e-01
9.786108434798291844e-01
3.446954184936944499e-01
8.275631009528117144e-01
4.901235627421114405e-01
6.835591410302774840e-01
9.629172264135679726e-02
4.227956254008909398e-01
1.239059310679077597e-01
-7.489817082995592346e-01
-5.191862603674888277e-01
-1.078894699173385874e+00
-1.445965241296204518e+00
-1.334377901192287386e+00
-1.161020799140767057e+00
-9.333007932976866705e-01
5.659090172167335897e-02
-5.477703182784965374e-01
-2.928525982351094514e-01
2.212669281751057371e-01
5.712029353401928411e-01
4.884753546491017451e-01
8.692895308459438475e-01
9.819097645652763440e-01
1.112197054803835350e+00
8.597430268045254120e-01
-4.249044026231150184e-01
2.072433373508218990e-01
-3.693268404951378647e-01
-1.618229041431359094e-01
-1.051672121601601173e+00
-6.377844572904078913e-01
-9.187250789831433728e-01
-1.524191246734312166e+00
-1.357281631673867839e+00
-1.419415405245968209e+00
-9.589907928399183934e-01
-7.172992818758640032e-01
-1.458909895156188241e-01
9.883249699914317676e-02
1.022075490028265587e+00
3.370320065027646583e-01
1.198094546586906839e+00
1.305098937065293452e+00
4.560961666216329924e-01
9.359435144738541545e-01
9.342336390118288758e-01
-1.818925107502469274e-01
-7.839195942113198756e-02
-5.805000871893388759e-01
-4.347776937100368833e-01
-9.351286169582911922e-01
-7.809732286813493296e-01
-7.589358895030229313e-01
-1.034956647294192456e+00
-1.454083464494309919e+00
-3.797141597426226256e-01
1.533787998041156175e-01
3.401922940991090605e-01
4.295209541277644760e-02
1.150462158398081192e+00
1.026184703405750742e+00
7.167169535213155918e-01
9.374819951002781870e-01
1.037099735148622193e+00
5.968875639068516037e-01
4.893361760913718661e-01
3.186352132730213005e-01
3.834237639994058644e-01
-3.742843561243004435e-01
-8.316752083278261543e-01
-7.745812618106924230e-01
-4.210312586353359143e-01
-1.013116159176584707e+00
-1.196712642805586535e+00
-1.684387915259147217e+00
-8.956867218241729711e-01
-1.051406660169437179e-01
5.420136100959336289e-01
7.597441336829431346e-01
1.132667257833475993e+00
9.808273064756067861e-01
1.255103623747917174e+00
1.115090117669629954e+00
1.622938551334061286e+00
4.639524954560463321e-01
5.758379609396340193e-01
3.303786932530383691e-02
-1.545900292562678580e-01
-2.440911076319621231e-02
-3.029675324796139435e-01
-1.060710810325585118e+00
-1.709544347265152808e-01
-8.960338302406101185e-01
-1.271898980558716641e+00
-7.472626592125384271e-01
-4.413777405122054631e-02
-3.228185915920308013e-01
2.130184161296111989e-01
3.816681999044133078e-01
1.127040177832894452e+00
1.637792155977861430e+00
1.040720011310246162e+00
9.288332537573690262e-01
1.261571906984021663e+00
1.294329563111054515e+00
-3.556815477822258265e-01
2.596685079259306583e-01
-3.670340884957694061e-01
-8.561937016882373297e-02
-3.724837069553332825e-02
-2.395105867754603601e-01
-2.899147906875874647e-01
-1.061743029828810636e+00
-9.281065424196627278e-01
-6.156620539542164705e-01
-6.833367901093709840e-01
-3.191773845943150500e-01
